
 1 19 0 0 0 0 
 2 18 0 0 0 0 
 3 17 0 0 0 0 
 4 16 0 0 0 0 
 5 15 0 0 0 0 
 6 14 0 0 0 0 
 7 13 0 0 0 0 
 8 12 0 0 0 0 
 9 11 0 0 0 0 
 12 10 0 0 0 0 
 13 10 1 0 0 0 
 14 9 1 0 0 0 
 16 8 1 0 0 0 
 17 7 1 0 0 0 
 18 6 1 0 0 0 
 19 5 1 0 0 0 
 20 5 2 0 0 0 
 22 5 3 0 0 0 
 23 4 3 0 0 0 
 24 4 4 0 0 0 
 25 4 5 0 0 0 
 28 3 5 0 0 0 
 29 3 4 0 0 0 
 30 3 3 0 0 0 
 31 3 2 0 0 0 
 32 3 3 0 0 0 
 33 3 4 0 0 0 
 34 3 5 0 0 0 
 38 2 5 0 0 0 
 40 2 6 0 0 0 
 44 2 5 0 0 0 
 45 2 6 0 0 0 
 46 1 6 0 0 0 
 49 1 4 0 0 0 
 52 1 5 0 0 0 
 54 1 4 0 0 0 
 56 1 5 0 0 0 
 59 1 4 1 0 0 
 60 1 3 1 0 0 
 61 1 2 1 0 0 
 68 1 1 1 0 0 
 69 1 1 1 0 2 
 72 1 0 1 0 2 
 73 1 1 1 0 2 
 74 1 0 1 0 2 
 76 1 1 1 0 2 
 77 1 1 2 0 6 
 78 1 1 2 0 7 
 79 1 1 3 0 7 
 81 1 0 3 0 7 
 82 1 0 4 0 7 
 86 1 0 3 0 7 
 87 1 0 4 0 7 
 88 1 0 4 0 11 
 90 1 0 3 0 11 
 91 1 0 2 0 12 
 94 1 0 2 0 14 
 95 1 0 2 0 15 
 97 1 0 1 0 16 
 98 1 0 1 0 25 
 106 1 0 1 0 39 
 108 1 0 1 0 40 
 110 1 0 1 0 41 
 113 1 0 0 0 41 